103737449770553219803029823514729698783738676733554566295648782169806433419265
103737449770553219803029823514729698783738676733554566295648782948260665884673
103737449770553219803029823514729698783738676733554566295648783548594014650369
103737449770553219803029823514729698783738676733554566295648774354477783187457
103737449770553219803029823514729698783738676733554566295648776672248294539265
103737449770553219803029823514729698783738676733554566295648776678845364305921
103737449770553219803029823514729698783738676733554566295648776681044387561473
103737449770553219803029823514729698783738676733554566295648777828934526959617
103737449770553219803029823514729698783738676733554566295648781260510317248513
103737449770553219803029823514729698783738676733554566295648782851503642640385
103737449770553219803029823514729698783738676733554566295648782853702665895937
103737449770553219803029823514729698783738676733554566295648782860299735662593
